name: RegressionModel

model_type: regression

fit_filters:
- building_type_id == 81
- residential_units > 0
- sqft_price_res > 1
- sqft_price_res < 600

predict_filters: building_type_id == 81

model_expression: np.log1p(sqft_price_res) ~ st_zones_logsum_job_low_income + st_b_ln_residential_units
    + st_b_ln_building_sqft + st_year_built + st_parcels_total_units + st_zones_prop_race_1
    + st_zones_prop_income_4 + st_zones_mean_hh_size + 1

ytransform: np.exp

fitted: true

fit_parameters:
    Coefficient:
        Intercept: 4.222314502661191
        st_b_ln_building_sqft: -0.13256134517499363
        st_b_ln_residential_units: -0.4602647408924801
        st_parcels_total_units: -2.467462140555767
        st_year_built: 0.08256800737248765
        st_zones_logsum_job_low_income: -0.09059259796303337
        st_zones_mean_hh_size: -0.09846846942058854
        st_zones_prop_income_4: 0.3367569588922641
        st_zones_prop_race_1: 0.3157629253014085
    Std. Error:
        Intercept: 0.0009004713630304611
        st_b_ln_building_sqft: 0.0007758764309836313
        st_b_ln_residential_units: 0.0023423557272685535
        st_parcels_total_units: 0.004008038135614362
        st_year_built: 0.0004637287971825247
        st_zones_logsum_job_low_income: 0.0006814306672530298
        st_zones_mean_hh_size: 0.00045199186346240455
        st_zones_prop_income_4: 0.0005561102501973489
        st_zones_prop_race_1: 0.0006902485711033485
    T-Score:
        Intercept: 4689.004754633556
        st_b_ln_building_sqft: -170.85368221191692
        st_b_ln_residential_units: -196.49651653431812
        st_parcels_total_units: -615.6284089790847
        st_year_built: 178.0523613675618
        st_zones_logsum_job_low_income: -132.94470342555687
        st_zones_mean_hh_size: -217.85451770367737
        st_zones_prop_income_4: 605.55790649922
        st_zones_prop_race_1: 457.4626279872884

fit_rsquared_adj: 0.663368860630154

fit_rsquared: 0.6633707943458542
