name: RegressionModel

model_type: regression

fit_filters:
- building_type_id == 24
- non_residential_sqft > 0
- sqft_price_nonres > 1
- sqft_price_nonres < 650

predict_filters: building_type_id == 24

model_expression: np.log1p(sqft_price_nonres) ~ st_b_total_jobs + st_year_built +
    st_crime_other_rate + st_b_ln_building_sqft + st_zones_prop_income_4 + st_zones_ln_popden
    + st_zones_logsum_job_low_income + st_zones_ln_empden_16 + st_bldg_empratio_9
    + 1

ytransform: np.exp

fitted: true

fit_parameters:
    Coefficient:
        Intercept: 5.2614758199287675
        st_b_ln_building_sqft: -0.24343549248407706
        st_b_total_jobs: 0.0079267666066522
        st_bldg_empratio_9: 0.054829400356340215
        st_crime_other_rate: -0.10523091926667895
        st_year_built: 0.07664027911784117
        st_zones_ln_empden_16: 0.04639593367046552
        st_zones_ln_popden: -0.05129022190496253
        st_zones_logsum_job_low_income: -0.06507392899550475
        st_zones_prop_income_4: 0.08084032220696152
    Std. Error:
        Intercept: 0.047217068214733836
        st_b_ln_building_sqft: 0.014946314272821101
        st_b_total_jobs: 0.0032195359751615864
        st_bldg_empratio_9: 0.007248177212647395
        st_crime_other_rate: 0.022573652811967583
        st_year_built: 0.01519758118257084
        st_zones_ln_empden_16: 0.008059772402454188
        st_zones_ln_popden: 0.017789193838683378
        st_zones_logsum_job_low_income: 0.029376584490926293
        st_zones_prop_income_4: 0.018131074339957157
    T-Score:
        Intercept: 111.43165001267384
        st_b_ln_building_sqft: -16.287325961474572
        st_b_total_jobs: 2.46208356353414
        st_bldg_empratio_9: 7.564577789387932
        st_crime_other_rate: -4.661669962908707
        st_year_built: 5.0429261207523695
        st_zones_ln_empden_16: 5.756481864964082
        st_zones_ln_popden: -2.883223510299253
        st_zones_logsum_job_low_income: -2.215163203047124
        st_zones_prop_income_4: 4.458661450017117

fit_rsquared_adj: 0.3614158307206842

fit_rsquared: 0.3665336023355674
