name: RegressionModel

model_type: regression

fit_filters:
- building_type_id == 33
- non_residential_sqft > 0
- sqft_price_nonres > 1
- sqft_price_nonres < 650

predict_filters: building_type_id == 33

model_expression: np.log1p(sqft_price_nonres) ~ st_zones_logsum_job_low_income + st_b_ln_building_sqft
    + st_building_age_gt_100 + st_zones_prop_income_1 + st_parcels_total_sqft + st_zones_prop_race_2
    + st_zones_ln_empden + b_ln_parcels_parcel_far + st_zones_prop_race_4 + st_zones_a_ln_retail_emp_15min_drive_alone
    + 1

ytransform: np.exp

fitted: true

fit_parameters:
    Coefficient:
        Intercept: 3.8194289515119624
        b_ln_parcels_parcel_far: -1.1288866893447898
        st_b_ln_building_sqft: -0.05055317842204464
        st_building_age_gt_100: -0.03746999678656465
        st_parcels_total_sqft: -0.07739056802453247
        st_zones_a_ln_retail_emp_15min_drive_alone: 0.09049103998975867
        st_zones_ln_empden: 0.1695565148931702
        st_zones_logsum_job_low_income: -0.22813706308320447
        st_zones_prop_income_1: -0.051678187356007765
        st_zones_prop_race_2: -0.09989055329200613
        st_zones_prop_race_4: 0.055523816315831656
    Std. Error:
        Intercept: 0.015152784949112192
        b_ln_parcels_parcel_far: 0.04192268493385575
        st_b_ln_building_sqft: 0.004691304493119422
        st_building_age_gt_100: 0.010568056193000582
        st_parcels_total_sqft: 0.00741694985555475
        st_zones_a_ln_retail_emp_15min_drive_alone: 0.010056901385726097
        st_zones_ln_empden: 0.007582214450337426
        st_zones_logsum_job_low_income: 0.012319784859806173
        st_zones_prop_income_1: 0.007676135839436588
        st_zones_prop_race_2: 0.011880825428819672
        st_zones_prop_race_4: 0.007689364322365067
    T-Score:
        Intercept: 252.061186398329
        b_ln_parcels_parcel_far: -26.927824186974437
        st_b_ln_building_sqft: -10.775932045380827
        st_building_age_gt_100: -3.5455902298647617
        st_parcels_total_sqft: -10.43428491923437
        st_zones_a_ln_retail_emp_15min_drive_alone: 8.997904674514746
        st_zones_ln_empden: 22.36240032562315
        st_zones_logsum_job_low_income: -18.517942129615545
        st_zones_prop_income_1: -6.732317983549499
        st_zones_prop_race_2: -8.407711559307879
        st_zones_prop_race_4: 7.220859096809428

fit_rsquared_adj: 0.3978408163336705

fit_rsquared: 0.39869024387446084
