name: RegressionModel

model_type: regression

fit_filters:
- building_type_id == 25
- non_residential_sqft > 0
- sqft_price_nonres > 1
- sqft_price_nonres < 650

predict_filters: building_type_id == 25

model_expression: np.log1p(sqft_price_nonres) ~ st_b_ln_building_sqft + st_zones_prop_income_4
    + st_zones_prop_hh_with_children + st_b_is_pre_1945 + st_zones_popden + st_zones_ln_empden_16
    + st_zones_prop_retail_buildings + st_crime_ucr_rate + st_zones_prop_race_4 +
    st_parcel_sqft + 1

ytransform: np.exp

fitted: true

fit_parameters:
    Coefficient:
        Intercept: 3.8574055040168744
        st_b_is_pre_1945: 0.08070753891131166
        st_b_ln_building_sqft: 0.02041335169635857
        st_crime_ucr_rate: -0.22380737352651936
        st_parcel_sqft: 0.14059691136648272
        st_zones_ln_empden_16: 0.05502395610077425
        st_zones_popden: 0.02521889478470416
        st_zones_prop_hh_with_children: -0.09482513561908269
        st_zones_prop_income_4: -0.13168227541215488
        st_zones_prop_race_4: 0.07292309425958513
        st_zones_prop_retail_buildings: -0.016996376374953305
    Std. Error:
        Intercept: 0.02387056224373898
        st_b_is_pre_1945: 0.018397819448288635
        st_b_ln_building_sqft: 0.008266175979103113
        st_crime_ucr_rate: 0.017851508849565108
        st_parcel_sqft: 0.01633560525143206
        st_zones_ln_empden_16: 0.010006091839774182
        st_zones_popden: 0.013585206653473002
        st_zones_prop_hh_with_children: 0.013817668272339673
        st_zones_prop_income_4: 0.026575250282943115
        st_zones_prop_race_4: 0.016458041455799804
        st_zones_prop_retail_buildings: 0.005154197182183932
    T-Score:
        Intercept: 161.5967594156118
        st_b_is_pre_1945: 4.386799160528726
        st_b_ln_building_sqft: 2.4695036432763477
        st_crime_ucr_rate: -12.537168449599804
        st_parcel_sqft: 8.60677698820846
        st_zones_ln_empden_16: 5.499045679558347
        st_zones_popden: 1.8563497360017747
        st_zones_prop_hh_with_children: -6.862600385978614
        st_zones_prop_income_4: -4.955071881173325
        st_zones_prop_race_4: 4.430848862267696
        st_zones_prop_retail_buildings: -3.2975797731804306

fit_rsquared_adj: 0.2517288773744105

fit_rsquared: 0.2573762066017735
