name: RegressionModel

model_type: regression

fit_filters:
- building_type_id == 71
- non_residential_sqft > 0
- sqft_price_nonres > 1
- sqft_price_nonres < 650

predict_filters: building_type_id == 71

model_expression: np.log1p(sqft_price_nonres) ~ st_building_age_gt_90 + st_zones_logsum_job_low_income
    + st_b_ln_building_sqft + st_parcels_parcel_size + st_zones_ln_popden + st_zones_prop_race_2
    + st_bldg_empratio_2 + 1

ytransform: np.exp

fitted: true

fit_parameters:
    Coefficient:
        Intercept: 3.436483278533298
        st_b_ln_building_sqft: -0.07717440908241752
        st_bldg_empratio_2: 0.12302993449251896
        st_building_age_gt_90: 0.2646769953414352
        st_parcels_parcel_size: 0.430035654680926
        st_zones_ln_popden: 0.23290046703109735
        st_zones_logsum_job_low_income: 0.3135595753878997
        st_zones_prop_race_2: -0.5797069127189272
    Std. Error:
        Intercept: 0.05595525522390949
        st_b_ln_building_sqft: 0.013364060609787632
        st_bldg_empratio_2: 0.029316132037047433
        st_building_age_gt_90: 0.04553301519179296
        st_parcels_parcel_size: 0.02505244036236113
        st_zones_ln_popden: 0.0371849997695076
        st_zones_logsum_job_low_income: 0.05479469145214079
        st_zones_prop_race_2: 0.06952713159414971
    T-Score:
        Intercept: 61.41484414255518
        st_b_ln_building_sqft: -5.774772453957308
        st_bldg_empratio_2: 4.1966632684367555
        st_building_age_gt_90: 5.812858960175815
        st_parcels_parcel_size: 17.165419753957902
        st_zones_ln_popden: 6.263290802063689
        st_zones_logsum_job_low_income: 5.722444402516097
        st_zones_prop_race_2: -8.337851705185347

fit_rsquared_adj: 0.17959944449736287

fit_rsquared: 0.18220625515942301
