name: RegressionModel

model_type: regression

fit_filters:
- building_type_id == 82
- residential_units > 0
- sqft_price_res > 1
- sqft_price_res < 600

predict_filters: building_type_id == 82

model_expression: np.log1p(sqft_price_res) ~ st_zones_logsum_job_low_income + st_zones_mean_sqft_per_unit
    + st_b_ln_building_sqft + st_year_built + st_zones_mean_non_residential_sqft +
    st_zones_prop_race_1 + st_zones_prop_income_4 + st_zones_prop_hh_with_children
    + st_zones_employment + 1

ytransform: np.exp

fitted: true

fit_parameters:
    Coefficient:
        Intercept: 3.0209831145249852
        st_b_ln_building_sqft: -0.11304394688288436
        st_year_built: -0.21325313475268176
        st_zones_employment: -0.2507040414335787
        st_zones_logsum_job_low_income: -0.5147904201179642
        st_zones_mean_non_residential_sqft: 0.4730990755748219
        st_zones_mean_sqft_per_unit: -0.43162131278186594
        st_zones_prop_hh_with_children: 0.2053025953412395
        st_zones_prop_income_4: 0.5486008929795154
        st_zones_prop_race_1: -0.7970863316475743
    Std. Error:
        Intercept: 0.023367841989297415
        st_b_ln_building_sqft: 0.0134450842664318
        st_year_built: 0.013647423163676014
        st_zones_employment: 0.011834168028645104
        st_zones_logsum_job_low_income: 0.022510853650295475
        st_zones_mean_non_residential_sqft: 0.026425799546304068
        st_zones_mean_sqft_per_unit: 0.01880496618482254
        st_zones_prop_hh_with_children: 0.01290604815748913
        st_zones_prop_income_4: 0.023303725273029735
        st_zones_prop_race_1: 0.02512582029353798
    T-Score:
        Intercept: 129.2795079626356
        st_b_ln_building_sqft: -8.407827325048455
        st_year_built: -15.625890118236853
        st_zones_employment: -21.18476269956105
        st_zones_logsum_job_low_income: -22.868542797851966
        st_zones_mean_non_residential_sqft: 17.902923797853067
        st_zones_mean_sqft_per_unit: -22.95251735843199
        st_zones_prop_hh_with_children: 15.907471662586847
        st_zones_prop_income_4: 23.54133884398438
        st_zones_prop_race_1: -31.72379338606406

fit_rsquared_adj: 0.14714691712904815

fit_rsquared: 0.14752765511247257
